Outage:
 [[0.011604 0.011388 0.011268 0.011375 0.011219 0.01135  0.011282 0.011298
  0.01134  0.011439]
 [0.013877 0.01263  0.012195 0.011879 0.011462 0.011472 0.011406 0.011496
  0.011393 0.011342]]
SNR:
 [[16119.98572962 16711.32748694 16906.86485998 17011.08953468
  17084.18880375 17136.87556408 17223.65571472 17150.29477436
  17176.10118194 17215.67495703]
 [13414.49345509 14897.45981841 15738.73840687 16247.2465755
  16599.28543572 16763.43172501 16956.35818432 16971.981538
  17088.73539524 17110.67552341]]
PD:
 [[0.040871 0.040496 0.040246 0.04056  0.040789 0.040717 0.040472 0.04056
  0.040205 0.040571]
 [0.040273 0.040466 0.040817 0.040528 0.04023  0.040941 0.040795 0.040454
  0.040268 0.040613]]