Outage:
 [[0.0067475 0.0090725 0.0115325 0.0137675 0.0156875 0.0176325 0.0196725
  0.0211025 0.0224825 0.0242325]
 [0.0092125 0.01167   0.013825  0.016205  0.01782   0.0194375 0.0211525
  0.02255   0.0246625 0.0261125]]
SNR:
 [[30960.98213187 21177.18185684 16204.95380533 13040.91224407
  10926.79039205  9390.22000196  8279.97571011  7451.25732411
   6664.1912615   6099.45481558]
 [24176.80835457 17134.2413614  13492.07487524 11019.72968052
   9446.32349454  8196.66413732  7260.27308745  6547.20091072
   5945.60445078  5463.52489144]]
PD:
 [[0.0401825 0.040415  0.040785  0.04074   0.0405    0.04083   0.04061
  0.0403775 0.0407275 0.04084  ]
 [0.040795  0.0401875 0.0397925 0.039925  0.040735  0.0405675 0.040845
  0.0408675 0.040585  0.040705 ]]