Outage:
 [[0.00964  0.010414 0.010764 0.011494 0.01228  0.013056 0.013718 0.015226
  0.016654 0.018558 0.02053  0.02313  0.027328 0.031972 0.041106]
 [0.01164  0.012006 0.012762 0.0138   0.014844 0.01551  0.016798 0.01777
  0.019484 0.021296 0.023626 0.026948 0.031096 0.03681  0.04648 ]
 [0.026742 0.028284 0.02943  0.030974 0.031952 0.034406 0.036222 0.038662
  0.04116  0.044532 0.048448 0.0538   0.06009  0.069262 0.082852]]
SNR:
 [[20207.64782307 18993.78351938 17687.3505978  16395.96939708
  15090.68180613 13929.22593215 12684.86677203 11381.90942963
  10101.19286701  8923.07021489  7614.98536823  6392.66465019
   5124.7259967   3868.07811182  2610.39018001]
 [16795.49702071 15759.39108022 14710.22109291 13690.33693008
  12565.41012316 11574.8371899  10490.36169245  9502.82842298
   8433.8867572   7388.94107816  6332.79028958  5287.99777838
   4268.9296018   3196.76592316  2168.23750175]
 [ 5606.95137968  5252.32293525  4900.67204226  4561.69951372
   4205.85023936  3862.10547713  3522.94806563  3168.62459959
   2814.92789275  2471.08738261  2114.8817963   1768.35473072
   1418.13153165  1070.22287568   723.01702174]]
PD:
 [[0.04109  0.04096  0.040636 0.04061  0.04029  0.040494 0.04101  0.040304
  0.040528 0.040636 0.040742 0.040394 0.041248 0.041058 0.040368]
 [0.04019  0.040468 0.04057  0.0407   0.040482 0.04072  0.040458 0.04062
  0.040894 0.041226 0.040088 0.040666 0.040666 0.040642 0.040344]
 [0.040828 0.040716 0.040128 0.040526 0.04056  0.040656 0.041268 0.040758
  0.0405   0.040332 0.040666 0.040322 0.04108  0.040492 0.041268]]