Outage:
 [[0.0000e+00 2.0000e-06 1.4600e-04 1.2380e-03 4.7300e-03 1.1222e-02
  2.1646e-02 3.5470e-02 5.1530e-02 6.8718e-02]
 [0.0000e+00 2.0000e-06 1.6000e-04 1.3440e-03 4.7820e-03 1.1532e-02
  2.2700e-02 3.7110e-02 5.5294e-02 7.6444e-02]]
SNR:
 [[86560.76553048 66470.12844026 49211.18303488 35341.568237
  24762.35778195 17179.70811432 11687.22027517  8170.93272911
   5685.28307562  4046.84380302]
 [85149.12813763 65201.40294926 47985.36056962 34563.65580933
  24006.04333366 16438.25738115 11113.51026192  7626.7089772
   5316.06355513  3715.24520161]]
PD:
 [[0.207346 0.124758 0.086354 0.063612 0.049362 0.04068  0.033848 0.02851
  0.025012 0.022016]
 [0.207262 0.124562 0.085316 0.063954 0.050148 0.040798 0.033836 0.028588
  0.024622 0.021666]]